0.000882658524509306137 366 3.45179768012423083e-15 6.88338275267597055e-15 5.21978293921421255e-15 4.75175454539566999e-13 -5.99520433297584532e-15 2.22044604925031308e-15 0.0255658170402828233
0.20008013685753484 579 4.72236466317973781e-15 1.33226762955018785e-15 -4.54497550705923459e-16 -8.1823436914874037e-14 -9.99200722162640886e-16 1.11022302462515654e-15 1.07047466256129908
0.400244254331341143 918 7.44109589523947146e-15 1.77635683940025046e-15 -4.57966997657877073e-15 8.59312621059871162e-14 -2.55351295663786004e-15 1.11022302462515654e-15 0.167127136301925105
0.60026456645202475 1455 1.29037160599576734e-14 2.44249065417534439e-15 4.67854921470944873e-15 -6.11732886568461254e-14 -2.22044604925031308e-15 4.44089209850062616e-16 -0.207374512936741695
0.800072502855765588 2305 2.05514997147142119e-14 -6.66133814775093924e-16 6.43582409587395432e-16 -6.86117829218346742e-14 -3.33066907387546962e-16 -3.33066907387546962e-16 3.9034524733450624
1.00005124534201539 3653 3.42177958686785309e-14 1.33226762955018785e-15 -1.92554305833425587e-15 2.60680366181986756e-13 -3.33066907387546962e-16 -1.11022302462515654e-16 0.0148287851078734434
1.20000512269690218 5789 5.78137647002219185e-14 -6.21724893790087663e-15 -6.2849031534639721e-15 -1.53876911213046697e-13 -2.99760216648792266e-15 -1.55431223447521916e-15 4.38715712053388529
1.40000764605422567 9175 8.80295767965260762e-14 3.77475828372553224e-15 -8.82974249272194811e-16 3.79474229816878506e-13 6.66133814775093924e-16 -1.77635683940025046e-15 1.4992503735193452
1.6000257134379452 14542 1.45326588400820232e-13 5.77315972805081401e-15 3.83547360538472049e-15 -3.79807296724266052e-13 2.22044604925031308e-15 1.33226762955018785e-15 3.93420659461077094
1.80001597494950061 23047 2.87490108517157596e-13 -5.77315972805081401e-15 -2.87096735274161574e-15 -6.60693721954430657e-13 4.44089209850062616e-16 -1.22124532708767219e-15 1.23220029667601239
2.00000368790855765 36526 5.3053326091617463e-13 2.88657986402540701e-15 4.09394740330526474e-15 -1.57651669496772229e-14 -2.22044604925031308e-15 6.66133814775093924e-16 0.0106710594795913494
2.20000512269690196 57890 9.16090180286059826e-13 -2.6645352591003757e-15 1.4918621893400541e-15 3.17301740437869739e-13 3.33066907387546962e-15 -1.55431223447521916e-15 -0.110725944925775366
2.40000291257358622 91749 1.56861390473562551e-12 -3.10862446895043831e-15 3.53189699708877924e-15 -9.45910016980633372e-14 4.44089209850062616e-16 1.99840144432528177e-15 2.39172892295391648
2.6000018209099145 145412 2.40244608405567354e-12 7.32747196252603317e-15 -1.25593979660720834e-15 8.24673662691566278e-13 1.77635683940025046e-15 -3.55271367880050093e-15 1.36772051981870391
2.80000089959844845 230462 4.33229771609306974e-12 -8.88178419700125232e-16 -2.47545040021890372e-15 5.01820807130570756e-13 -2.33146835171282873e-15 -2.22044604925031308e-16 -0.519601230836997274
3.00000012089110069 365257 7.95048524408001019e-12 1.77635683940025046e-15 -1.90299165314655738e-15 2.91544566266566108e-13 -6.66133814775093924e-16 4.44089209850062616e-16 0.00349800110325304559
3.20000062143520703 578894 1.42037622232273791e-11 -3.21964677141295397e-15 -5.29958021910914567e-15 -2.84661183513890137e-13 2.6645352591003757e-15 2.22044604925031308e-16 4.96950067052785016
3.40000007246043889 917484 2.60788261772492887e-11 6.66133814775093924e-16 -6.66654231817886966e-15 3.58602036953925563e-13 -1.11022302462515654e-16 2.22044604925031308e-16 4.86130812049850647
3.60000002891732285 1454114 6.11948764773147186e-11 1.02140518265514402e-14 -7.57033324916278616e-15 9.48130463029883686e-13 -5.5511151231257827e-16 6.66133814775093924e-16 0.904409396294795442
3.80000014581715906 2304616 1.31773499705567677e-10 4.44089209850062616e-16 -6.56419363309623805e-15 7.99360577730112709e-14 -9.99200722162640886e-16 1.33226762955018785e-15 0.949556207051500678
4.00000000199001438 3652569 1.70061769596798106e-10 8.88178419700125232e-16 -9.02403152203135051e-15 -1.9695356456850277e-13 1.33226762955018785e-15 4.44089209850062616e-16 0.000575813130126334727
4.20000002126345606 5788932 2.23896644399006956e-10 -1.55431223447521916e-15 -1.04950770296596829e-15 -4.57966997657877073e-13 1.99840144432528177e-15 1.33226762955018785e-15 -0.845709335699211806
4.40000002512506239 9174839 3.24683300033927358e-10 3.10862446895043831e-15 5.66907631949220558e-15 1.02851061001274502e-12 3.77475828372553224e-15 -4.44089209850062616e-16 4.59637985617155209
4.6000000289173224 14541140 7.62392112628312714e-10 1.11022302462515654e-15 -1.77340780949108989e-14 5.0248694094534585e-13 4.88498130835068878e-15 -1.22124532708767219e-15 2.76090865902369842
4.80000001390529896 23046153 8.97217728520612341e-10 -2.10942374678779743e-15 -1.11299858218671943e-14 1.41819889165617496e-12 6.43929354282590793e-15 4.88498130835068878e-15 2.97154738014796749
5.00000000199001438 36525690 1.07069977263197833e-09 9.32587340685131494e-15 2.32452945780892151e-16 2.3021584638627246e-12 3.55271367880050093e-15 4.66293670342565747e-15 0.00575812405440956354
5.2000000062591516 57889318 4.99056565897238542e-09 1.24344978758017533e-14 1.17683640610266593e-14 2.12363460150299943e-12 1.19904086659516906e-14 4.21884749357559485e-15 4.04046883794944733
5.40000000145737236 91748385 1.64065315282170833e-08 1.77635683940025046e-14 7.86697096355482017e-15 1.2134737659152961e-12 1.70974345792274107e-14 4.66293670342565747e-15 1.8094803742133081
5.60000000203737791 145411391 4.27959404320306261e-08 1.4432899320127035e-14 3.97858829215280707e-14 3.01980662698042579e-12 1.82076576038525673e-14 4.66293670342565747e-15 2.16670749569311738
5.80000000071411037 230461523 5.33954353038173169e-08 -1.11022302462515654e-15 5.10078090876220358e-14 4.45510295321582817e-12 1.95399252334027551e-14 -1.11022302462515654e-16 4.34190314309671521
6.00000000080100371 365256899 5.33954353038173169e-08 -1.31006316905768472e-14 9.73353342370586461e-14 4.29500879306488059e-12 7.10542735760100186e-15 1.11022302462515654e-15 0.023177257739007473
6.20000000025742981 578893172 9.83078301480679118e-08 -2.29816166097407404e-14 6.86464773913542103e-14 5.19850829050483298e-12 1.08801856413265341e-14 9.76996261670137756e-15 2.43034362606704235
6.40000000003731095 917483847 3.98539536726999834e-07 -2.53130849614535691e-14 1.35433331216461283e-13 7.12718772888365493e-12 1.55431223447521916e-14 -4.77395900588817312e-15 -0.857963196933269501
6.60000000024538114 1454113904 7.2523310845597974e-07 -4.49640324973188399e-14 1.09677891768633629e-13 2.57016630200723739e-12 3.2418512319054571e-14 8.88178419700125232e-15 2.61109721288084984
6.80000000014877415 2304615227 1.51527973037645307e-06 -4.31876756579185894e-14 1.74691858201292405e-13 4.31543689671798347e-12 4.04121180963556981e-14 -1.1546319456101628e-14 -0.666473858058452606
7.0000000000875966 3652568984 3.07909273282386721e-06 -5.88418203051332966e-14 2.08990810768305835e-13 2.65343302885412413e-13 9.10382880192628363e-15 -2.98649993624167109e-14 0.0253547951579093933
7.2000000000323654 5788931717 5.05457008278661701e-06 -6.23945339839337976e-14 8.57612592053413891e-14 -1.12387876782804597e-11 -3.55271367880050093e-14 1.7985612998927536e-14 -0.932507634162902832
7.40000000003731095 9174838470 8.13496912088492141e-06 -2.9198865547641617e-14 2.66987820740638426e-13 8.65574278918757045e-12 -9.19264664389629615e-14 -1.1879386363489175e-14 3.98674368858337402
7.60000000000644871 14541139032 1.96954801532069014e-05 -1.41331391034782428e-13 2.48617099130044039e-13 1.7957635378706982e-11 -1.67643676718398638e-14 -1.04027897407377168e-13 0.703045785427093506
7.80000000001686189 23046152263 3.55778787969315483e-05 -7.56061879769731604e-14 2.35493916034279493e-13 7.67941266133220779e-12 -9.9809049913801573e-14 -1.86961557346876361e-13 -0.622343182563781738
8.00000000000436629 36525689833 4.2987205120977414e-05 4.01900734914306668e-14 4.40513944766074417e-13 -2.05940819952843412e-11 -5.98410210272959375e-14 -1.01807451358126855e-13 0.0126320123672485352
8.20000000000235651 57889317166 4.2987205120977414e-05 2.91766610871491139e-13 5.5095511486413784e-13 1.3836931600508251e-11 -1.6375789613221059e-13 -4.09672296086682763e-14 3.10306012630462646
8.40000000000417657 91748384693 0.000173247425055684433 4.3964831775156199e-14 5.11824957416529003e-13 7.17836901031887464e-11 -2.40918396343658969e-13 -2.49245069028347643e-13 1.92707061767578125
8.60000000000047571 145411390318 0.00017396979616945106 -1.83852932877925923e-13 4.83561107822438885e-13 1.85573778566094916e-11 -2.60125254669674177e-13 -1.66533453693773481e-13 0.678397655487060547
8.80000000000178595 230461522622 0.000384732606898785501 3.67261776546001784e-13 1.2183205833071753e-12 -1.82323045549992457e-11 -1.04805053524614777e-13 -2.29261054585094826e-13 -0.218846797943115234
9.00000000000079936 365256898327 0.00153617105499086952 2.71116462613463227e-13 1.14017302543789611e-12 -2.50040432803189105e-10 -3.52717854923412233e-13 -2.15383266777280369e-13 0.019039154052734375
